{'problem': 'piecewise-linear', 'properties': {'dim': 1000}, 'solver': 'RGD', 'params': {'lr': 0.001, 'reduced_dim': 100}, 'iterations': 50000, 'interval': 1000, 'trial_numbers': 1}
grad_values:31.74901573277509
fvalues:25.56076394051056
time_values:182.19471740722656
{'problem': 'piecewise-linear', 'properties': {'dim': 1000}, 'solver': 'RGD', 'params': {'lr': 0.0001, 'reduced_dim': 100}, 'iterations': 50000, 'interval': 1000, 'trial_numbers': 1}
grad_values:31.74901573277509
fvalues:2.5684165818119506
time_values:177.2889862060547
