{'problem': 'piecewise-linear', 'properties': {'dim': 1000}, 'solver': 'RGD', 'params': {'lr': 1e-05, 'reduced_dim': 100}, 'iterations': 500000, 'interval': 1000, 'trial_numbers': 1}
grad_values:31.74901573277509
fvalues:0.2548172346556583
time_values:1560.2164306640625
